0.	-5.999999818312849	0.0016862875093778557	-0.0016866541308745136
0.001	-5.99999981819867	0.0015421884698923003	-0.001542554097939566
0.002	-5.999999833147035	0.0011099081597795608	-0.001110240037116638
0.003	-5.999999909029779	0.00038949700527851454	-0.00038967006526852317
0.004	-6.000000122297052	-0.0006189609458553836	0.0006192256131098538
0.005	-6.000000579972935	-0.0019153480183155486	0.0019165446913077039
0.006	-6.000001419649327	-0.003499512900797105	0.003502412739983066
0.007	-6.000002809478079	-0.0053712706351390326	0.005376983180918341
0.008	-6.000004948161369	-0.00753040260305854	0.007540437254950515
0.009000000000000001	-6.000008064940343	-0.009976656510479014	0.009992983984078281
0.01	-6.000012419582007	-0.012709746369456182	0.012734860127751962
0.011	-6.000018302364366	-0.015729352477704316	0.015766330133349306
0.012	-6.000026034059824	-0.019035121395728907	0.019087686080845243
0.013000000000000001	-6.000035965916841	-0.022626665921567528	0.022699247621678804
0.014	-6.000048479639839	-0.02650356506314746	0.026601361911827916
0.015	-6.000063987367378	-0.030665364008261628	0.03079440353909542
0.016	-6.000082931648579	-0.035111574092172707	0.03527877444461856
0.017	-6.000105785417817	-0.03984167276284907	0.04005490383860803
0.018000000000000002	-6.000133051967666	-0.0448551035438411	0.04512324811032758
0.019	-6.00016526492012	-0.05015127599480489	0.05048429073232403
0.02	-6.000202988196065	-0.05572956566968118	0.0561385421589185
0.021	-6.000246815983031	-0.06158931407253813	0.06208653971897062
0.022	-6.0002973727011994	-0.0677298286110866	0.06832884750292752
0.023	-6.000355312967691	-0.07415038254787802	0.07486605624417132
0.024	-6.000421321559118	-0.08085021494919298	0.08169878319467683
0.025	-6.000496113372419	-0.08782853063163358	0.08882767199499643
0.026000000000000002	-6.000580433383961	-0.0950845001064275	0.09625339253858373
0.027	-6.0006750566069265	-0.10261725952145678	0.10397664083047387
0.028	-6.000780788046978	-0.1104259106010229	0.11199813884033562
0.029	-6.000898462656209	-0.11850952058335933	0.12031863434991148
0.03	-6.001028945285376	-0.12686712215590545	0.12893890079486442
0.031	-6.001173130634424	-0.1354977133883545	0.13785973710104824
0.032	-6.001331943201298	-0.1444002576634886	0.14708196751522037
0.033	-6.001506337229056	-0.15357368360581558	0.15660644143021685
0.034	-6.00169729665127	-0.1630168850080223	0.16643403320460887
0.035	-6.00190583503573	-0.17272872075525839	0.17656564197686184
0.036000000000000004	-6.002132995526458	-0.18270801474726692	0.18700219147401761
0.037	-6.002379850784014	-0.19295355581837736	0.19774462981492225
0.038	-6.002647502924123	-0.20346409765537735	0.20879392930802185
0.039	-6.002937083454612	-0.2142383587132797	0.2201510862437485
0.04	-6.0032497532106595	-0.2252750221290022	0.23181712068152088
0.041	-6.003586702288365	-0.23657273563297804	0.24379307623138408
0.042	-6.003949149976649	-0.24813011145871458	0.2560800198303124
0.043000000000000003	-6.00433834468747	-0.25994572625031964	0.26867904151320254
0.044	-6.004755563884381	-0.2720181209680124	0.2815912541785793
0.045	-6.0052021140094105	-0.28434580079164284	0.294817793349048
0.046	-6.005679330408296	-0.2969272350222329	0.30835981692651143
0.047	-6.006188577254045	-0.30976085698156625	0.3222185049421871
0.048	-6.006731247468858	-0.3228450639098439	0.3363950593014502
0.049	-6.007308762644389	-0.33617821686142646	0.35089070352353
0.05	-6.007922572960369	-0.34975864059868733	0.36570668247609406
0.051000000000000004	-6.0085741571015925	-0.3635846234839954	0.38084426210474326
0.052000000000000005	-6.009265022173259	-0.377654417369854	0.3963047291574581
0.053	-6.00999670361469	-0.39196623748721326	0.41208939090401775
0.054	-6.010770765111423	-0.40651826233198646	0.42819957485043286
0.055	-6.011588798505674	-0.4213086335497861	0.4446366284484179
0.056	-6.0124524237051915	-0.436335455818911	0.46140191879994086
0.057	-6.013363288590499	-0.4515967967316035	0.47849683235688184
0.058	-6.014323068920525	-0.46709068667360515	0.49592277461583484
0.059000000000000004	-6.015333468236641	-0.48281511870203514	0.5136811698080908
0.06	-6.016396217765091	-0.4987680484216166	0.5317734605848321
0.061	-6.017513076317842	-0.5149473938592772	0.5502011076975799
0.062	-6.0186858301918456	-0.531351035337152	0.5689655896739272
0.063	-6.019916293066713	-0.547976815344013	0.5880684024885972
0.064	-6.021206330529609	-0.5648225114156176	0.6075110831854971
0.065	-6.022557868109793	-0.5818858270828273	0.6272952174570634
0.066	-6.023972717354976	-0.59916458221602	0.6474222702356239
0.067	-6.025452797513573	-0.6166564698402639	0.6678938010750306
0.068	-6.027000054430569	-0.6343591447568614	0.6887113850186238
0.069	-6.028616460426838	-0.652270223415792	0.7098766122343003
0.07	-6.030304014176835	-0.6703872837868978	0.7313910876450773
0.07100000000000001	-6.032064740584629	-0.6887078652298404	0.7532564305551952
0.07200000000000001	-6.033900690658325	-0.70722946836286	0.7754742742718065
0.073	-6.035813941382851	-0.7259495549303634	0.7980462657222882
0.074	-6.037806595591138	-0.7448655476693725	0.8209740650672287
0.075	-6.039880781833687	-0.7639748301748598	0.8442593453091259
0.076	-6.042038654246542	-0.7832747467640078	0.8679037918968526
0.077	-6.044282392417672	-0.8027626023394153	0.8919091023259252
0.078	-6.0466142012517645	-0.8224356622512868	0.9162769857346266
0.079	-6.049036430706355	-0.8422910527459979	0.9410092401712402
0.08	-6.051551237270625	-0.8623260414529946	0.9661075329167949
0.081	-6.054160871638106	-0.8825377985562304	0.9915735865657582
0.082	-6.056867632656617	-0.9029234347253897	1.0174091488582075
0.083	-6.059673843380761	-0.923480020714941	1.0436159768310824
0.084	-6.062581850915722	-0.9442045872305699	1.0701958363828747
0.085	-6.065594026259449	-0.9650941247948872	1.097150501834433
0.08600000000000001	-6.068712764143226	-0.9861455836124615	1.124481755485959
0.08700000000000001	-6.071940482870651	-1.0073558734342007	1.152191387170234
0.088	-6.07527962415502	-1.028721863421111	1.1802811938021271
0.089	-6.078732652955142	-1.050240382007482	1.2087529789244507
0.09	-6.082302057309578	-1.0719082167635086	1.2376085522501974
0.091	-6.08599045062434	-1.0937220051089702	1.2668498130239687
0.092	-6.089800312245081	-1.1156785103713225	1.2964785374465198
0.093	-6.093734139396857	-1.137774459599292	1.3264965026541986
0.094	-6.097794502571676	-1.1600064842344686	1.3569055317028198
0.095	-6.101983993996026	-1.182371174686035	1.387707451073673
0.096	-6.106305227444001	-1.2048650802035534	1.418904090185476
0.097	-6.110760838048869	-1.227484708749497	1.450497280903029
0.098	-6.115353482113088	-1.250226526871593	1.4824888570426604
0.099	-6.120085836916802	-1.2730869595749872	1.5148806538745005
0.1	-6.124960600524814	-1.296062390194272	1.5476745076216463
0.101	-6.12998049159206	-1.3191491602654188	1.5808722549562895
0.10200000000000001	-6.135148408966977	-1.3423434155860852	1.6144758372973635
0.10300000000000001	-6.14046695865042	-1.3656415612131303	1.6484869901860213
0.10400000000000001	-6.145938894511751	-1.3890398369409114	1.6829075319473497
0.105	-6.151567004054977	-1.4125344269336633	1.7177392883860005
0.106	-6.1573540937628275	-1.436121473509917	1.7529840827882621
0.107	-6.163302988880471	-1.4597970770270812	1.7886437353926152
0.108	-6.16941653319777	-1.483557295766222	1.8247200628576463
0.109	-6.1756975888301024	-1.507398145817065	1.8612148777273567
0.11	-6.182149035997749	-1.5313156009632616	1.898129987893952
0.111	-6.188773806174557	-1.5553055571410392	1.9354672191047313
0.112	-6.195574936174054	-1.5793637746691178	1.9732284519274208
0.113	-6.2025551904699965	-1.603486278847631	2.0114153605268172
0.114	-6.209717505189385	-1.6276688882537296	2.050029718906164
0.115	-6.217064832729807	-1.651907379344188	2.0890732932044975
0.116	-6.224600141517078	-1.676197486357342	2.12854784113628
0.117	-6.232326415761548	-1.7005349012155606	2.1684551114289152
0.11800000000000001	-6.240246655213077	-1.7249152734282995	2.208796843258253
0.11900000000000001	-6.248363874914701	-1.7493342099957565	2.249574765682124
0.12	-6.256681144328127	-1.7737872344214944	2.29079062076072
0.121	-6.265201629567226	-1.798269742496539	2.3324461885458474
0.122	-6.273928211023774	-1.8227773990672935	2.3745430566048906
0.123	-6.28286394480467	-1.8473056584465801	2.417082897221061
0.124	-6.292011900252542	-1.8718499328045763	2.460067369214768
0.125	-6.301375159678114	-1.8964055920912453	2.503498117358492
0.126	-6.310956818091382	-1.9209679639596258	2.5473767717901685
0.127	-6.320759982931634	-1.9455323336900214	2.5917049474251606
0.128	-6.330787773796314	-1.970093944115119	2.636484243366893
0.129	-6.341043470820583	-1.9946477665249898	2.6817163976582634
0.13	-6.351530090600021	-2.0191891535296054	2.7274028438120452
0.131	-6.3622507350834585	-2.0437133010408326	2.77354507509987
0.132	-6.3732085512364725	-2.068215309921785	2.820144602094199
0.133	-6.384406696034469	-2.092690239424616	2.867202915779823
0.134	-6.395848336173115	-2.117133107140446	2.9147214869453624
0.135	-6.407536647777781	-2.1415388889504454	2.962701765573943
0.136	-6.419474816112022	-2.1659025189780956	3.01114518023309
0.137	-6.431666269184924	-2.190218715271242	3.06005318303856
0.138	-6.44411397384807	-2.2144825039944056	3.1094271119469505
0.139	-6.456821092297447	-2.2386887300264813	3.1592683181183348
0.14	-6.469790814525872	-2.262832181532621	3.2095781327152966
0.14100000000000001	-6.483026337061618	-2.2869076055435587	3.2603578622051455
0.14200000000000002	-6.496530862655558	-2.310909707927606	3.3116087877437277
0.14300000000000002	-6.510307599967538	-2.334833153364023	3.3633321645590146
0.14400000000000002	-6.524359857035728	-2.3586724362740736	3.415529290035359
0.145	-6.538690872027767	-2.3824221132453096	3.4682013793452584
0.146	-6.55330372240809	-2.4060769275579426	3.5213494985250233
0.147	-6.568201611077036	-2.4296314150093288	3.574974773699892
0.148	-6.583387744284672	-2.4530800714455	3.6290783012662953
0.149	-6.598865331300185	-2.476417352761228	3.683661147266279
0.15	-6.614637584080708	-2.4996376749016163	3.7387243467622433
0.151	-6.630707775686257	-2.5227353099078718	3.7942689664324165
0.152	-6.6470791958261755	-2.545704463998767	3.850296056465229
0.153	-6.663754899080522	-2.5685397225332176	3.9068063793414467
0.154	-6.680738078726528	-2.5912353879094674	3.96380081186366
0.155	-6.698031928139794	-2.613785724247666	4.021280195739408
0.156	-6.715639640449107	-2.636184957421307	4.079245336947464
0.157	-6.7335644081909525	-2.658427275090335	4.137697005105042
0.158	-6.751809554453745	-2.6805067239962272	4.19663593774875
0.159	-6.770378276989167	-2.7024174096667295	4.256062830156303
0.16	-6.789273569532098	-2.7241535576602303	4.315978331790282
0.161	-6.808498577602137	-2.745709235329592	4.376383058976313
0.162	-6.828056443011701	-2.767078473086726	4.4372775884796
0.163	-6.847950303503705	-2.7882552644583702	4.498662456878828
0.164	-6.868183292389219	-2.8092335661436536	4.560538159941584
0.165	-6.888758721422715	-2.8300069668444934	4.6229053275304155
0.166	-6.909679529666514	-2.8505696829306646	4.685764195378446
0.167	-6.930948778057497	-2.870915663845755	4.749115078577809
0.168	-6.952569545684669	-2.8910387790110508	4.812958271949797
0.169	-6.974544904350652	-2.910932863221801	4.8772940254074015
0.17	-6.996877918199042	-2.930591716735481	4.942122543331086
0.171	-7.019571776903388	-2.950008925666785	5.007444044663458
0.17200000000000001	-7.042629490207133	-2.9691782725485725	5.073258623596796
0.17300000000000001	-7.066053941874503	-2.9880936633392845	5.1395662736504075
0.17400000000000002	-7.089848120548711	-3.0067488164195337	5.2063669921720335
0.17500000000000002	-7.11401500409737	-3.0251374177935797	5.2736607273172496
0.176	-7.138557559229752	-3.043253121205179	5.341447377433678
0.177	-7.163478839724477	-3.061089406153962	5.409726837241414
0.178	-7.188781822863077	-3.078639813171669	5.478498919786054
0.179	-7.214469249782898	-3.0958981734532554	5.547763280254117
0.18	-7.2405439955270365	-3.1128580751732944	5.61751959114957
0.181	-7.267008920805754	-3.1295130766825574	5.687767471528173
0.182	-7.293866871606149	-3.1458567066515455	5.758506486393395
0.183	-7.321120784513749	-3.161882292011902	5.8297362085528865
0.184	-7.348773482658634	-3.177583289875257	5.901456097688964
0.185	-7.376827591723393	-3.1929534238741177	5.973665450368188
0.186	-7.405285850932481	-3.2079861770794835	6.046363583421231
0.187	-7.434150981609396	-3.222675005646172	6.119549755922831
0.188	-7.463425686781657	-3.2370133389841476	6.193223168601839
0.189	-7.493112818401089	-3.2509943315191325	6.267383026533841
0.19	-7.523214930797007	-3.26461152408998	6.342028370123638
0.191	-7.553734533686457	-3.277858468571427	6.417158170192641
0.192	-7.58467420271474	-3.290728563647667	6.492771369283572
0.193	-7.616036491917208	-3.303215184152126	6.5688668481887635
0.194	-7.647823940058448	-3.315311670808865	6.645443427827442
0.195	-7.680039287942775	-3.32701099255109	6.722499947773519
0.196	-7.712684734418929	-3.3383069007873143	6.800034995540555
0.197	-7.745762692005304	-3.3491927562652135	6.878047180689262
0.198	-7.779275548290948	-3.359661898972529	6.956535047732867
0.199	-7.813225665535844	-3.369707648357685	7.0354970755853286
0.2	-7.847615545008375	-3.379323153434938	7.1149316157964
0.201	-7.882447443907508	-3.3885017417309284	7.194837034218809
0.202	-7.9177234365361775	-3.3972368634056087	7.275211687591461
0.203	-7.953445713000218	-3.405521818928638	7.356053811860764
0.20400000000000001	-7.9896164344238825	-3.413349890888222	7.437361575311863
0.20500000000000002	-8.026237836747383	-3.4207144035688195	7.519132870102325
0.20600000000000002	-8.063312403370213	-3.4276088217351957	7.60136496640827
0.20700000000000002	-8.100841565354056	-3.434026010891916	7.684057105160912
0.20800000000000002	-8.138827225402887	-3.4399591056260777	7.767207455320777
0.209	-8.177271251877338	-3.4454012219261947	7.850814122407682
0.21	-8.216175478385644	-3.450345457416547	7.9348751480510336
0.211	-8.255540219280865	-3.454780984551791	8.019394517018162
0.212	-8.295368926019819	-3.4587053102758656	8.104363306667542
0.213	-8.335663842472194	-3.4621128394562417	8.18977727176392
0.214	-8.376427051408212	-3.4649976311618027	8.27563260636085
0.215	-8.417660607990621	-3.467353751376649	8.361925401414918
0.216	-8.45936866119579	-3.46917889246609	8.44864506605944
0.217	-8.501551197152757	-3.4704637021528617	8.535793723463026
0.218	-8.544208915229786	-3.4712001016043255	8.623371091844248
0.219	-8.587343077708143	-3.471381029968358	8.711374948890573
0.22	-8.63095490221488	-3.470999408989227	8.799803013777666
0.221	-8.675045035179203	-3.4700464161287092	8.888655291346073
0.222	-8.719615073539702	-3.468516481381946	8.977927289065981
0.223	-8.764666462185735	-3.466403669517505	9.067614928043803
0.224	-8.810200419197061	-3.463701436215873	9.157714874067382
0.225	-8.856218120007316	-3.4604032341549895	9.248223714880226
0.226	-8.902720587497903	-3.456501473309852	9.339139177800266
0.227	-8.949709020298947	-3.451990641895357	9.43045647458129
0.228	-8.99718452764722	-3.4468647926675158	9.522171245329076
0.229	-9.045148147602802	-3.44111771961714	9.614279351554117
0.23	-9.09360087454476	-3.4347432227309698	9.706776566090923
0.231	-9.142544141109536	-3.427735289299525	9.79965759546823
0.232	-9.191978269809564	-3.4200875134134785	9.892919216202895
0.233	-9.241903952252743	-3.4117936514645417	9.98655727647356
0.234	-9.292321860321135	-3.402847476724559	10.08056748290279
0.23500000000000001	-9.343232645491186	-3.393242642714835	10.174945530414492
0.23600000000000002	-9.394636975744014	-3.3829725151311454	10.269687199051877
0.23700000000000002	-9.446535205196973	-3.372031664241655	10.36478749290134
0.23800000000000002	-9.498927765835203	-3.360414092715312	10.460241662304359
0.23900000000000002	-9.551815039050007	-3.3481138152443863	10.556044869362662
0.24	-9.605197478802474	-3.335124682641965	10.652192124823335
0.241	-9.65907534024298	-3.321440769065809	10.748678425613484
0.242	-9.713448644402433	-3.3070564223099517	10.845498772334782
0.243	-9.768317492311215	-3.2919658153745965	10.942648009072627
0.244	-9.8236819313534	-3.276163137122646	11.040120890919624
0.245	-9.879542165026763	-3.2596422083553174	11.137912024050362
0.246	-9.93589789648334	-3.242397682469622	11.236016051785755
0.247	-9.992748900285683	-3.2244239993503934	11.334427491891471
0.248	-10.050094930592756	-3.2057155531385177	11.433140762319795
0.249	-10.107936288797603	-3.1862664952261586	11.532148948013418
0.25	-10.16627318555171	-3.166071012356589	11.631445113581703
0.251	-10.225103264985112	-3.1451244051749514	11.731027399769992
0.252	-10.284425449595917	-3.123421413831446	11.830891106601996
0.253	-10.344238593029896	-3.100956804993105	11.93103146634668
0.254	-10.404537347335799	-3.0777254428292578	12.031454018473681
0.255	-10.46532552970766	-3.0537220609353106	12.13214104971713
0.256	-10.526604750420482	-3.028941457031805	12.23308014440272
0.257	-10.588375746213064	-3.0033784593809836	12.334260848561375
0.258	-10.650647921895345	-2.9770271742330925	12.435651378563328
0.259	-10.71341105467262	-2.9498834237548524	12.537267457732003
0.26	-10.776662690606091	-2.921942386235327	12.639105665853073
0.261	-10.840400288749704	-2.8931992731784906	12.741162550116034
0.262	-10.904621095221502	-2.863649304459355	12.84343496738299
0.263	-10.969316918326104	-2.8332866609633376	12.94593431599445
0.264	-11.034492682566253	-2.802108205696589	13.048635994027483
0.265	-11.100147276127423	-2.7701096434521872	13.151531569968977
0.266	-11.166279529238738	-2.7372867200665834	13.254612497035115
0.267	-11.232889328632313	-2.7036353291749258	13.357867142491589
0.268	-11.299974375861968	-2.669151203119406	13.46128942622385
0.269	-11.367532311707048	-2.6338301161075766	13.564873158582701
0.27	-11.435561183648423	-2.5976679291941984	13.668610794010696
0.271	-11.50405901156148	-2.560660154442238	13.772494963404746
0.272	-11.573023703364951	-2.522802772119668	13.876517913852705
0.273	-11.64245302112235	-2.484092558369273	13.980671284113178
0.274	-11.71234470811436	-2.444525850896068	14.084946951369076
0.275	-11.782669039109235	-2.40398390888985	14.189555518580846
0.276	-11.853371931310235	-2.362245985489464	14.294901468317542
0.277	-11.924580290342156	-2.319852148207053	14.399943203491523
0.278	-11.99633337210122	-2.2769745202632263	14.504338475793432
0.279	-12.068702659440468	-2.2339205397673796	14.607487492667907
0.28	-12.14211382832901	-2.1924813397183858	14.705966488815621
0.281	-12.216010979781698	-2.1503376146632283	14.804175279268893
0.28200000000000003	-12.290263073205013	-2.106949698413384	14.903126424042526
0.28300000000000003	-12.364737008309593	-2.0617696517952107	15.003848238366515
0.28400000000000003	-12.43864321503499	-2.011497245179493	15.112604797788167
0.28500000000000003	-12.512705675754255	-1.9591791165453731	15.223586411369466
0.28600000000000003	-12.587091847003204	-1.9055286912807787	15.33542192877973
0.28700000000000003	-12.661931051218321	-1.8510998600592306	15.447043705958807
0.28800000000000003	-12.737762885276453	-1.798165926703751	15.554112022741782
0.289	-12.814221538518122	-1.7452069312562202	15.659505898270535
0.29	-12.891193629058204	-1.6917609581189792	15.764090884529967
0.291	-12.968630219123298	-1.637636485031245	15.86821799411403
0.292	-13.046382521895476	-1.5822223694443585	15.973035376261606
0.293	-13.12451659747422	-1.5258115919880586	16.077973774527198
0.294	-13.203049523769792	-1.468491480955218	16.182854623337747
0.295	-13.281977246073513	-1.4102608595285133	16.287667519300587
0.296	-13.361295849785519	-1.3511187346417461	16.392400951023852
0.297	-13.44100087544148	-1.291063943974419	16.497045519951055
0.298	-13.52108789463883	-1.2300954531278672	16.601591232801248
0.299	-13.601552447739193	-1.1682123236861734	16.706027794828596
0.3	-13.682390119861566	-1.1054131818033603	16.810344764191477
0.301	-13.76359614748564	-1.0416978717271483	16.914531739342866
0.302	-13.845165766534798	-0.977065993420366	17.01857819376807
0.303	-13.927094154668046	-0.9115171454696505	17.12247350374105
0.304	-14.009376536142407	-0.8450504661261551	17.226206861739698
0.305	-14.09200776743668	-0.7776664379867881	17.329767598259856
0.306	-14.174982733427129	-0.7093651635180169	17.43314487485405
0.307	-14.258296257586075	-0.6401467804601317	17.536327721985813
0.308	-14.341943200188046	-0.570011327054802	17.63930456917725
0.309	-14.425918026420229	-0.49895942483498956	17.74206519610223
0.31	-14.510215258100729	-0.4269915650744416	17.8445986936387
0.311	-14.59482935536896	-0.3541081272470237	17.94689416343275
0.312	-14.679754724156766	-0.28030928983631753	18.048940760783506
0.313	-14.764985559291153	-0.20559694079280533	18.150726785216946
0.314	-14.85051603952978	-0.12997230679201266	18.252240809955076
0.315	-14.936340313093638	-0.05343664367942225	18.353471025106085
0.316	-15.022452415292637	0.024008660778074287	18.45440576682641
0.317	-15.10884616224856	0.1023619543970451	18.555034199665478
0.318	-15.195515370131282	0.18162159310920778	18.65534491374199
0.319	-15.282453814508978	0.26178641191642527	18.755326703236335
0.32	-15.369655131793362	0.34285420156082935	18.85496781342524
0.321	-15.457112851411502	0.4248222015424936	18.954256184968294
0.322	-15.544820453066986	0.507687980022812	19.053179889546097
0.323	-15.632771417626937	0.5914491287411163	19.151726217355048
0.324	-15.720958977785791	0.6761028883389884	19.249883929521157
0.325	-15.809376320226985	0.761646451571016	19.347641436656474
0.326	-15.898016578147846	0.8480769893932063	19.444986895843627
0.327	-15.98687284788074	0.9353920300763523	19.54190831552731
0.328	-16.075938033439275	1.0235876802411799	19.63839386266192
0.329	-16.16520501138923	1.112660505278681	19.734431539125502
0.33	-16.254666599717737	1.2026071216802183	19.83000910515966
0.331	-16.34431552952437	1.2934239513734163	19.925114366806554
0.332	-16.434144398451522	1.3851068191021856	20.019735646584785
0.333	-16.524145759678007	1.4776517144773482	20.113860894633547
0.334	-16.614324315882634	1.5724848320208142	20.210046793553367
0.335	-16.704660904889103	1.6682486803693735	20.30585069433932
0.336	-16.795133070924997	1.7632089784692369	20.398153354487164
0.337	-16.88572424054846	1.8563281428689358	20.485086882080324
0.338	-16.976358172197198	1.9395681955197475	20.552205947392114
0.339	-17.067112896487306	2.0230213935875963	20.61763980707228
0.34	-17.158004178900594	2.1094744523879303	20.6863920244368
0.341	-17.249107745120913	2.208791620958861	20.776180256119233
0.342	-17.34039948325585	2.3190748430986474	20.883592682816502
0.343	-17.431809155335408	2.4329961740691193	20.995463456099756
0.34400000000000003	-17.52330605771839	2.54789689966152	21.107014585892152
0.34500000000000003	-17.61481106475887	2.6553891867920516	21.203176875025946
0.34600000000000003	-17.706347997600453	2.7592915577620314	21.290807789089456
0.34700000000000003	-17.79793245010196	2.8624559432454326	21.375028614637603
0.34800000000000003	-17.88956496525521	2.965960908209608	21.45777439853896
0.34900000000000003	-17.98125251062783	3.0716595592821783	21.54236924618156
0.35000000000000003	-18.07297445505713	3.1781208065223545	21.626248216415554
0.35100000000000003	-18.164722032939633	3.285337054152654	21.709399124108764
0.352	-18.256486249887466	3.3932971874908855	21.79180473280796
0.353	-18.348258324141838	3.5019959101410887	21.873456473639493
0.354	-18.440029544753	3.611430731017183	21.95435001840912
0.355	-18.53179103180335	3.721596834989601	22.03447777927761
0.356	-18.62353447043216	3.832501000950499	22.11385074799812
0.357	-18.71524981283174	3.944118978794126	22.192430665563357
0.358	-18.80692761268473	4.056438769771523	22.270198898481425
0.359	-18.89855700467271	4.169432430806522	22.347109353402864
0.36	-18.99012900293644	4.283094603710023	22.42315519162765
0.361	-19.08163676792775	4.397445626958399	22.49837421703677
0.362	-19.173071983725134	4.512489207123705	22.57277558241519
0.363	-19.264429866348127	4.628274460258689	22.646444603059457
0.364	-19.35569663769357	4.744737206071768	22.71927708485183
0.365	-19.446861732095204	4.861854612716687	22.791238197494533
0.366	-19.537913229418535	4.979589364722887	22.862267998045755
0.367	-19.62884109199963	5.097925813567414	22.9323443641892
0.368	-19.71963775550005	5.216876603348625	23.001494510365674
0.369	-19.810294032569328	5.336436688941488	23.06971506304113
0.37	-19.90080145348995	5.456610743649714	23.13701870137762
0.371	-19.991149548633228	5.577378616048966	23.20337763909089
0.372	-20.08132854150852	5.698729547887485	23.268779609555335
0.373	-20.171330850443745	5.820670967764823	23.333241002797468
0.374	-20.261145245583503	5.94318101453128	23.39673244316655
0.375	-20.350757555138088	6.066214266200552	23.45918776835761
0.376	-20.440154064010486	6.189730099736307	23.520547916445274
0.377	-20.52930773950631	6.313586895924992	23.580590717138016
0.378	-20.618233353383957	6.437961211390132	23.639608488861416
0.379	-20.706928676227694	6.562900586583524	23.697685145795198
0.38	-20.795409771497553	6.688594981840792	23.755133548649766
0.381	-20.883656901351028	6.814956400077422	23.811820186043846
0.382	-20.97164223747104	6.9418342270843	23.867511108727072
0.383	-21.059343845220813	7.069124632405019	23.922047296886596
0.384	-21.1467361587494	7.1966963965344295	23.97522558145058
0.385	-21.23382649938572	7.324668666049986	24.027247971781662
0.386	-21.320607482417035	7.453048954865771	24.078136044349222
0.387	-21.4070751474302	7.581873129049809	24.12795654627871
0.388	-21.493217525044294	7.711111509920405	24.176672319416518
0.389	-21.57902401139505	7.840745854650059	24.224264517501403
0.39	-21.66448466466682	7.970764658807855	24.2707247631685
0.391	-21.749589639252328	8.101156111602306	24.31604481069423
0.392	-21.834329314160065	8.231907885605212	24.36021665785328
0.393	-21.918693873700043	8.363007810026959	24.403232157776053
0.394	-22.002673236304	8.494443674271023	24.445082631963366
0.395	-22.08625796854286	8.626203047789044	24.48576103232966
0.396	-22.16943833575894	8.758273469345585	24.525259693244134
0.397	-22.252204373447757	8.890642512212064	24.563570615568477
0.398	-22.334546501089275	9.023297422910483	24.600686560833154
0.399	-22.416455153580337	9.156225340300107	24.63660039303662
0.4	-22.497920508476497	9.289413259892623	24.67130439963913
0.401	-22.57893279236262	9.422848164105865	24.704791136982585
0.402	-22.659482751546218	9.556517439066756	24.737054939864937
0.403	-22.73956084308054	9.690408159290685	24.768089322210272
0.404	-22.819157647366257	9.824509815615258	24.797890784411145
0.405	-22.898263344545704	9.958805403005915	24.826448245278893
0.406	-22.976868233354352	10.093280230514292	24.853753487263976
0.40700000000000003	-23.054961106425107	10.227912880521576	24.87978826552953
0.40800000000000003	-23.132533742724682	10.362695372673347	24.904554776729317
0.40900000000000003	-23.209578472740862	10.49762221760351	24.928059123226898
0.41000000000000003	-23.28608766581996	10.632689466757233	24.950309316834023
0.41100000000000003	-23.36205314783688	10.76788989393275	24.971308906759585
0.41200000000000003	-23.43746334247351	10.903195611631691	24.991032590510553
0.41300000000000003	-23.5123082408961	11.0385883812332	25.00946871127344
0.41400000000000003	-23.586575554993427	11.17403957052186	25.026590312400717
0.41500000000000004	-23.660259229153638	11.30954893174486	25.042412739216505
0.41600000000000004	-23.733350775064086	11.44510512067328	25.0569349904187
0.417	-23.805862019985227	11.58063745106262	25.070128699416912
0.418	-23.877760484698584	11.71620443200823	25.082025346593294
0.419	-23.949013113879392	11.851866187437201	25.0926572432316
0.42	-24.019543687642205	11.987826805157887	25.10213445374317
0.421	-24.089340368573943	12.12407970023841	25.11045573213262
0.422	-24.158512131208244	12.260223048595797	25.11741094278034
0.423	-24.22712565005751	12.395987500607383	25.122857203455055
0.424	-24.295313702068224	12.530871650418085	25.126521250047823
0.425	-24.362882960411852	12.665518761122193	25.128773538750927
0.426	-24.429766484563398	12.800131663354014	25.129738488601248
0.427	-24.49581763531979	12.93522079356145	25.129726628647056
0.428	-24.561137391269813	13.070340497712879	25.12847028531683
0.429	-24.625732836627122	13.20540754312331	25.125921048314698
0.43	-24.689839776725297	13.341236256093898	25.12325041146805
0.431	-24.75325027241483	13.476897775512722	25.119261594682005
0.432	-24.815606989484632	13.610875966813692	25.111960161530973
0.433	-24.87622428600964	13.740044201424247	25.097282335482014
0.434	-24.934772773701262	13.862911760160227	25.073299593708594
0.435	-24.992729306809203	13.986282426835652	25.04890928237581
0.436	-25.050891269317972	14.113840337360248	25.028937076513348
0.437	-25.111320055253536	14.255078289409596	25.025789456362205
0.438	-25.171628676975583	14.399046517253765	25.025194066642932
0.439	-25.23120403440026	14.542947049736231	25.02351730226417
0.44	-25.28830645984487	14.678807129294498	25.010371763204745
0.441	-25.34391752600692	14.811153463010061	24.99168388393876
0.442	-25.398447517935825	14.941888553080869	24.96995520411915
0.443	-25.452301959041527	15.072894290815217	24.947660270606466
0.444	-25.505481562904247	15.204190419932914	24.92484370180427
0.445	-25.557843272549697	15.33513526636104	24.90068708783021
0.446	-25.60938063355624	15.465716104510248	24.875192723127384
0.447	-25.66008725101475	15.59591969751274	24.848362460608065
0.448	-25.709956885958615	15.725731168898491	24.820196548292614
0.449	-25.758983108400102	15.8551360586204	24.790695634314382
0.45	-25.807159123460533	15.984118847300088	24.759859053411517
0.451	-25.85447997362917	16.11266891059163	24.727692694365146
0.452	-25.90093997682569	16.24077359204312	24.69419984342801
0.453	-25.946533419249985	16.36842165900103	24.65938539308491
0.454	-25.991254748377063	16.495598211745573	24.62325037731101
0.455	-26.03509839292079	16.622289457124094	24.58579709283298
0.456	-26.078058346631177	16.74848077895104	24.54702677770142
0.457	-26.12012962044668	16.87415959175123	24.506943465815773
0.458	-26.16130729659662	16.999313396315777	24.465551379733967
0.459	-26.201586164957472	17.12392992068753	24.422854868513326
0.46	-26.240961241221346	17.24799588693813	24.37885739832709
0.461	-26.279427771577247	17.371496990739836	24.333561531722538
0.462	-26.316980592341583	17.494417866564525	24.28696860248948
0.463	-26.353614641099167	17.616743542891207	24.239080447922866
0.464	-26.389326488330664	17.738467770780183	24.189908705662255
0.465	-26.42411203949267	17.859581007656338	24.139461358932707
0.466	-26.45796750045531	17.98007870098817	24.087751747018157
0.467	-26.490888181655343	18.099939193816127	24.034775109816586
0.468	-26.522869789493157	18.219147574097654	23.980533902852002
0.46900000000000003	-26.55390721119102	18.337684126925584	23.92502532918952
0.47000000000000003	-26.583997485702394	18.455541118164398	23.86825988133303
0.47100000000000003	-26.61313714606261	18.572707779349944	23.81024474989901
0.47200000000000003	-26.641322444266947	18.68917340922279	23.750987149968957
0.47300000000000003	-26.668550081277356	18.80492574187509	23.690492826523766
0.47400000000000003	-26.694816836426273	18.919952355071565	23.62876741998445
0.47500000000000003	-26.720119153200795	19.034240778305843	23.565816470665844
0.47600000000000003	-26.74445394714002	19.147779199016107	23.501646356959533
0.47700000000000004	-26.767818637661197	19.260556510107296	23.436264351073344
0.47800000000000004	-26.79021031037159	19.372561322705188	23.369677384466065
0.47900000000000004	-26.81162611579243	19.48378222196199	23.301892404928356
0.48	-26.832063642722115	19.594207208539636	23.23291586120326
0.481	-26.851520275570497	19.70382451340323	23.162754431739035
0.482	-26.86999316346294	19.812622063566558	23.09141445712242
0.483	-26.88748053608241	19.920589052609568	23.018903836783995
0.484	-26.903980244066986	20.02771420023457	22.945229923102197
0.485	-26.919489652872215	20.133985351309008	22.870399127685083
0.486	-26.934007499922682	20.2393926695868	22.794420450359468
0.487	-26.94753216290545	20.343925661069942	22.717302186596502
0.488	-26.960062033307295	20.447575018783482	22.639053857194988
0.489	-26.971595487899364	20.550328671007772	22.559682188403453
0.49	-26.982130942519717	20.652174602137414	22.479193983593042
0.491	-26.991666243074782	20.753099405807234	22.397594592817022
0.492	-27.000200376939805	20.853093077989197	22.31489294639346
0.493	-27.007733078350313	20.95214781097653	22.23110028961266
0.494	-27.014272765050706	21.05029715797044	22.14626920080763
0.495	-27.019819488573564	21.147535324911452	22.060412893098082
0.496	-27.024342220444623	21.243710753405015	21.97339871461789
0.497	-27.027825358770414	21.338744011862108	21.885166203751776
0.498	-27.03025333904578	21.432555695333765	21.79565493238483
0.499	-27.031610635681332	21.525066433257226	21.70480451193635
0.5	-27.031881763529586	21.616196897201817	21.612554599393086
0.501	-27.031610635681332	21.70480451193635	21.525066433257226
0.502	-27.03025333904578	21.79565493238482	21.432555695333775
0.503	-27.027825358770414	21.885166203751773	21.33874401186211
0.504	-27.024342220444623	21.973398714617893	21.24371075340501
0.505	-27.019819488573564	22.06041289309808	21.147535324911455
0.506	-27.01427276505071	22.146269200807623	21.050297157970448
0.507	-27.007733078350313	22.23110028961266	20.95214781097653
0.508	-27.000200376939805	22.314892946393453	20.853093077989204
0.509	-26.991666243074782	22.397594592817015	20.753099405807248
0.51	-26.982130942519717	22.479193983593042	20.652174602137414
0.511	-26.971595487899364	22.559682188403443	20.550328671007783
0.512	-26.960062033307295	22.639053857194988	20.447575018783482
0.513	-26.94753216290545	22.717302186596502	20.343925661069942
0.514	-26.934007499922682	22.794420450359464	20.239392669586802
0.515	-26.919489652872215	22.870399127685083	20.133985351309008
0.516	-26.90398024406699	22.945229923102193	20.027714200234573
0.517	-26.88748053608241	23.018903836783995	19.920589052609568
0.518	-26.86999316346294	23.091414457122404	19.81262206356658
0.519	-26.851520275570497	23.16275443173903	19.703824513403234
0.52	-26.832063642722115	23.232915861203253	19.594207208539643
0.521	-26.811626115792432	23.301892404928353	19.483782221962002
0.522	-26.79021031037159	23.369677384466065	19.37256132270518
0.523	-26.767818637661197	23.436264351073348	19.260556510107293
0.524	-26.74445394714002	23.501646356959533	19.147779199016114
0.525	-26.720119153200795	23.565816470665844	19.034240778305843
0.526	-26.694816836426273	23.62876741998445	18.919952355071565
0.527	-26.668550081277356	23.690492826523766	18.80492574187509
0.528	-26.641322444266944	23.75098714996896	18.68917340922278
0.529	-26.613137146062613	23.810244749899006	18.572707779349948
0.53	-26.583997485702394	23.86825988133303	18.455541118164405
0.531	-26.55390721119102	23.92502532918952	18.337684126925584
0.532	-26.52286978949316	23.980533902851995	18.21914757409767
0.533	-26.490888181655347	24.03477510981658	18.09993919381614
0.534	-26.45796750045531	24.08775174701816	17.980078700988166
0.535	-26.42411203949267	24.139461358932707	17.859581007656345
0.536	-26.389326488330664	24.189908705662255	17.738467770780183
0.537	-26.353614641099167	24.239080447922866	17.616743542891207
0.538	-26.316980592341583	24.28696860248948	17.494417866564525
0.539	-26.279427771577247	24.333561531722538	17.371496990739836
0.54	-26.240961241221346	24.37885739832709	17.247995886938124
0.541	-26.20158616495747	24.422854868513326	17.123929920687523
0.542	-26.161307296596622	24.465551379733963	16.99931339631578
0.543	-26.120129620446686	24.50694346581577	16.874159591751248
0.544	-26.078058346631177	24.54702677770142	16.748480778951034
0.545	-26.035098392920787	24.585797092832983	16.622289457124083
0.546	-25.991254748377063	24.62325037731101	16.495598211745573
0.547	-25.946533419249985	24.65938539308491	16.36842165900103
0.548	-25.900939976825686	24.69419984342801	16.240773592043112
0.549	-25.854479973629168	24.727692694365146	16.112668910591623
0.55	-25.807159123460526	24.75985905341152	15.98411884730007
0.551	-25.758983108400102	24.790695634314382	15.8551360586204
0.552	-25.70995688595862	24.820196548292614	15.725731168898498
0.553	-25.660087251014755	24.848362460608065	15.595919697512747
0.554	-25.60938063355624	24.875192723127384	15.465716104510248
0.555	-25.5578432725497	24.900687087830207	15.335135266361043
0.556	-25.505481562904244	24.924843701804274	15.204190419932903
0.557	-25.452301959041524	24.94766027060647	15.072894290815206
0.558	-25.398447517935825	24.96995520411915	14.941888553080862
0.559	-25.34391752600692	24.99168388393876	14.811153463010061
0.56	-25.288306459844875	25.010371763204745	14.678807129294512
0.561	-25.231204034400264	25.02351730226417	14.542947049736238
0.562	-25.17162867697559	25.02519406664293	14.399046517253776
0.5630000000000001	-25.111320055253536	25.025789456362205	14.255078289409603
0.5640000000000001	-25.050891269317972	25.028937076513348	14.113840337360248
0.5650000000000001	-24.992729306809203	25.04890928237581	13.986282426835652
0.5660000000000001	-24.934772773701262	25.073299593708597	13.862911760160223
0.5670000000000001	-24.876224286009634	25.097282335482014	13.740044201424238
0.5680000000000001	-24.815606989484632	25.111960161530973	13.610875966813692
0.5690000000000001	-24.753250272414828	25.119261594682005	13.476897775512715
0.5700000000000001	-24.6898397767253	25.123250411468053	13.34123625609391
0.5710000000000001	-24.625732836627122	25.125921048314698	13.20540754312331
0.5720000000000001	-24.561137391269813	25.12847028531683	13.070340497712879
0.5730000000000001	-24.49581763531978	25.129726628647052	12.935220793561438
0.5740000000000001	-24.429766484563388	25.12973848860125	12.800131663353998
0.5750000000000001	-24.362882960411852	25.128773538750927	12.665518761122193
0.5760000000000001	-24.295313702068224	25.126521250047823	12.530871650418085
0.577	-24.227125650057527	25.122857203455055	12.395987500607417
0.578	-24.158512131208255	25.117410942780342	12.260223048595815
0.579	-24.08934036857395	25.110455732132625	12.124079700238422
0.58	-24.019543687642216	25.102134453743172	11.987826805157905
0.581	-23.9490131138794	25.092657243231603	11.851866187437214
0.582	-23.877760484698584	25.082025346593294	11.71620443200823
0.583	-23.805862019985227	25.070128699416912	11.58063745106262
0.584	-23.733350775064082	25.0569349904187	11.445105120673272
0.585	-23.660259229153638	25.042412739216505	11.30954893174486
0.586	-23.586575554993427	25.026590312400717	11.17403957052186
0.587	-23.512308240896104	25.00946871127344	11.038588381233208
0.588	-23.437463342473514	24.991032590510553	10.903195611631698
0.589	-23.362053147836882	24.971308906759585	10.767889893932757
0.59	-23.286087665819966	24.950309316834026	10.632689466757245
0.591	-23.209578472740866	24.928059123226898	10.497622217603517
0.592	-23.13253374272469	24.904554776729317	10.362695372673361
0.593	-23.054961106425107	24.87978826552953	10.227912880521576
0.594	-22.97686823335436	24.85375348726398	10.093280230514305
0.595	-22.89826334454571	24.826448245278897	9.958805403005927
0.596	-22.819157647366268	24.797890784411145	9.824509815615272
0.597	-22.73956084308054	24.768089322210272	9.690408159290685
0.598	-22.659482751546225	24.73705493986494	9.556517439066766
0.599	-22.578932792362625	24.704791136982593	9.422848164105874
0.6	-22.497920508476493	24.67130439963913	9.289413259892616
0.601	-22.41645515358034	24.636600393036623	9.156225340300113
0.602	-22.334546501089275	24.600686560833154	9.023297422910483
0.603	-22.252204373447768	24.56357061556848	8.890642512212082
0.604	-22.16943833575894	24.525259693244134	8.758273469345585
0.605	-22.086257968542874	24.485761032329663	8.626203047789062
0.606	-22.002673236303995	24.445082631963366	8.494443674271018
0.607	-21.918693873700043	24.403232157776053	8.363007810026959
0.608	-21.83432931416007	24.36021665785328	8.231907885605217
0.609	-21.749589639252317	24.31604481069423	8.101156111602293
0.61	-21.664484664666812	24.270724763168495	7.97076465880785
0.611	-21.579024011395056	24.224264517501403	7.840745854650072
0.612	-21.4932175250443	24.176672319416525	7.711111509920418
0.613	-21.407075147430206	24.127956546278718	7.58187312904982
0.614	-21.32060748241704	24.078136044349222	7.453048954865777
0.615	-21.23382649938572	24.027247971781662	7.324668666049986
0.616	-21.146736158749395	23.975225581450577	7.196696396534424
0.617	-21.059343845220813	23.922047296886596	7.069124632405019
0.618	-20.97164223747104	23.867511108727072	6.9418342270843
0.619	-20.883656901351028	23.811820186043846	6.814956400077424
0.62	-20.79540977149756	23.755133548649766	6.688594981840803
0.621	-20.70692867622769	23.697685145795194	6.562900586583513
0.622	-20.618233353383957	23.639608488861416	6.437961211390132
0.623	-20.52930773950631	23.580590717138016	6.3135868959249954
0.624	-20.4401540640105	23.520547916445288	6.1897300997363285
0.625	-20.350757555138088	23.459187768357612	6.066214266200554
0.626	-20.26114524558351	23.396732443166556	5.943181014531293
0.627	-20.171330850443752	23.33324100279747	5.820670967764832
0.628	-20.081328541508526	23.268779609555338	5.698729547887494
0.629	-19.99114954863323	23.203377639090892	5.577378616048968
0.63	-19.90080145348996	23.137018701377627	5.456610743649728
0.631	-19.810294032569338	23.069715063041137	5.3364366889414985
0.632	-19.719637755500056	23.00149451036568	5.216876603348634
0.633	-19.62884109199963	22.9323443641892	5.097925813567414
0.634	-19.537913229418542	22.86226799804576	4.979589364722896
0.635	-19.446861732095208	22.791238197494536	4.861854612716696
0.636	-19.35569663769358	22.719277084851836	4.7447372060717825
0.637	-19.26442986634814	22.646444603059468	4.628274460258705
0.638	-19.173071983725134	22.572775582415186	4.5124892071237035
0.639	-19.081636767927755	22.498374217036776	4.397445626958406
0.64	-18.99012900293643	22.423155191627643	4.283094603710014
0.641	-18.89855700467272	22.34710935340287	4.169432430806536
0.642	-18.80692761268473	22.270198898481425	4.056438769771523
0.643	-18.715249812831754	22.19243066556337	3.944118978794142
0.644	-18.623534470432165	22.11385074799813	3.832501000950506
0.645	-18.53179103180335	22.034477779277605	3.7215968349895974
0.646	-18.44002954475301	21.95435001840913	3.6114307310171974
0.647	-18.348258324141838	21.873456473639493	3.5019959101410887
0.648	-18.256486249887477	21.791804732807968	3.393297187490896
0.649	-18.164722032939636	21.709399124108764	3.285337054152656
0.65	-18.072974455057135	21.62624821641556	3.17812080652236
0.651	-17.981252510627815	21.542369246181543	3.0716595592821587
0.652	-17.889564965255204	21.45777439853895	2.9659609082096026
0.653	-17.797932450101953	21.375028614637596	2.8624559432454255
0.654	-17.70634799760045	21.290807789089456	2.7592915577620296
0.655	-17.614811064758875	21.203176875025953	2.655389186792057
0.656	-17.523306057718383	21.107014585892145	2.5478968996615112
0.657	-17.431809155335415	20.99546345609977	2.4329961740691317
0.658	-17.340399483255844	20.88359268281649	2.319074843098635
0.659	-17.24910774512092	20.776180256119243	2.20879162095887
0.66	-17.15800417890059	20.6863920244368	2.1094744523879285
0.661	-17.0671128964873	20.61763980707228	2.0230213935875927
0.662	-16.976358172197195	20.55220594739211	1.9395681955197457
0.663	-16.88572424054846	20.485086882080324	1.8563281428689358
0.664	-16.795133070925008	20.398153354487174	1.7632089784692475
0.665	-16.704660904889096	20.305850694339313	1.6682486803693664
0.666	-16.61432431588263	20.21004679355336	1.5724848320208107
0.667	-16.52414575967801	20.113860894633554	1.4776517144773518
0.668	-16.43414439845153	20.019735646584795	1.3851068191021945
0.669	-16.34431552952435	19.92511436680654	1.2934239513734003
0.67	-16.254666599717726	19.83000910515965	1.2026071216802094
0.671	-16.165205011389215	19.734431539125488	1.112660505278667
0.672	-16.075938033439268	19.638393862661914	1.023587680241178
0.673	-15.986872847880743	19.54190831552731	0.9353920300763541
0.674	-15.898016578147846	19.444986895843627	0.8480769893932063
0.675	-15.809376320226988	19.347641436656478	0.7616464515710213
0.676	-15.720958977785795	19.24988392952116	0.6761028883389937
0.677	-15.632771417626937	19.151726217355048	0.5914491287411163
0.678	-15.544820453066992	19.0531798895461	0.5076879800228173
0.679	-15.457112851411495	18.954256184968287	0.4248222015424865
0.68	-15.369655131793346	18.85496781342522	0.34285420156081337
0.681	-15.282453814508969	18.755326703236328	0.2617864119164164
0.682	-15.195515370131277	18.655344913741985	0.18162159310920245
0.683	-15.108846162248561	18.55503419966548	0.10236195439704687
0.684	-15.02245241529265	18.454405766826426	0.024008660778084945
0.685	-14.936340313093634	18.35347102510608	-0.05343664367942402
0.686	-14.850516039529781	18.252240809955076	-0.12997230679201088
0.687	-14.764985559291146	18.15072678521694	-0.20559694079281066
0.6880000000000001	-14.67975472415676	18.048940760783502	-0.2803092898363211
0.6890000000000001	-14.59482935536896	17.94689416343275	-0.3541081272470237
0.6900000000000001	-14.510215258100722	17.844598693638694	-0.4269915650744487
0.6910000000000001	-14.425918026420224	17.742065196102224	-0.4989594248349931
0.6920000000000001	-14.341943200188046	17.63930456917725	-0.570011327054802
0.6930000000000001	-14.25829625758607	17.536327721985806	-0.6401467804601353
0.6940000000000001	-14.174982733427122	17.433144874854044	-0.7093651635180223
0.6950000000000001	-14.092007767436675	17.32976759825985	-0.7776664379867899
0.6960000000000001	-14.009376536142407	17.226206861739698	-0.8450504661261551
0.6970000000000001	-13.927094154668056	17.122473503741062	-0.9115171454696398
0.6980000000000001	-13.845165766534794	17.018578193768064	-0.977065993420366
0.6990000000000001	-13.763596147485641	16.91453173934287	-1.0416978717271466
0.7000000000000001	-13.682390119861571	16.810344764191484	-1.1054131818033577
0.7010000000000001	-13.601552447739193	16.706027794828596	-1.1682123236861734
0.7020000000000001	-13.521087894638836	16.601591232801255	-1.2300954531278645
0.7030000000000001	-13.441000875441484	16.497045519951055	-1.2910639439744171
0.704	-13.361295849785535	16.392400951023873	-1.3511187346417355
0.705	-13.281977246073529	16.28766751930061	-1.4102608595285027
0.706	-13.203049523769801	16.18285462333776	-1.4684914809552128
0.707	-13.124516597474225	16.077973774527205	-1.525811591988056
0.708	-13.046382521895486	15.973035376261622	-1.5822223694443505
0.709	-12.968630219123298	15.86821799411403	-1.637636485031245
0.71	-12.891193629058218	15.764090884529988	-1.6917609581189685
0.711	-12.814221538518114	15.659505898270524	-1.7452069312562273
0.712	-12.737762885276462	15.554112022741792	-1.798165926703744
0.713	-12.661931051218327	15.447043705958816	-1.8510998600592252
0.714	-12.587091847003204	15.33542192877973	-1.9055286912807787
0.715	-12.512705675754267	15.223586411369485	-1.9591791165453643
0.716	-12.43864321503499	15.112604797788167	-2.011497245179493
0.717	-12.364737008309591	15.00384823836651	-2.0617696517952115
0.718	-12.290263073205011	14.903126424042522	-2.106949698413385
0.719	-12.216010979781705	14.804175279268906	-2.150337614663224
0.72	-12.142113828328998	14.705966488815603	-2.192481339718393
0.721	-12.06870265944048	14.607487492667921	-2.2339205397673743
0.722	-11.996333372101208	14.504338475793414	-2.2769745202632334
0.723	-11.92458029034216	14.399943203491528	-2.31985214820705
0.724	-11.853371931310237	14.294901468317546	-2.362245985489464
0.725	-11.78266903910924	14.189555518580857	-2.4039839088898463
0.726	-11.712344708114369	14.084946951369087	-2.4445258508960634
0.727	-11.642453021122357	13.980671284113193	-2.4840925583692695
0.728	-11.573023703364953	13.876517913852709	-2.5228027721196673
0.729	-11.504059011561482	13.77249496340475	-2.5606601544422363
0.73	-11.435561183648426	13.668610794010704	-2.5976679291941975
0.731	-11.367532311707055	13.56487315858271	-2.633830116107574
0.732	-11.299974375861973	13.461289426223857	-2.6691512031194007
0.733	-11.232889328632318	13.357867142491596	-2.703635329174923
0.734	-11.166279529238732	13.254612497035104	-2.737286720066586
0.735	-11.100147276127428	13.151531569968986	-2.7701096434521837
0.736	-11.034492682566253	13.048635994027483	-2.802108205696589
0.737	-10.969316918326108	12.945934315994453	-2.833286660963336
0.738	-10.904621095221493	12.843434967382974	-2.8636493044593596
0.739	-10.840400288749706	12.741162550116035	-2.8931992731784906
0.74	-10.776662690606088	12.639105665853066	-2.9219423862353286
0.741	-10.713411054672617	12.537267457732	-2.9498834237548532
0.742	-10.650647921895345	12.435651378563325	-2.9770271742330925
0.743	-10.588375746213066	12.334260848561376	-3.0033784593809827
0.744	-10.526604750420487	12.233080144402727	-3.0289414570318023
0.745	-10.465325529707657	12.132141049717124	-3.0537220609353124
0.746	-10.404537347335808	12.031454018473699	-3.077725442829254
0.747	-10.3442385930299	11.931031466346687	-3.1009568049931033
0.748	-10.284425449595918	11.830891106601998	-3.123421413831446
0.749	-10.225103264985114	11.731027399769994	-3.1451244051749505
0.75	-10.16627318555171	11.631445113581703	-3.166071012356589
0.751	-10.10793628879761	11.532148948013432	-3.186266495226156
0.752	-10.050094930592758	11.433140762319798	-3.205715553138517
0.753	-9.992748900285681	11.334427491891468	-3.2244239993503934
0.754	-9.935897896483349	11.236016051785773	-3.242397682469619
0.755	-9.879542165026766	11.137912024050367	-3.2596422083553165
0.756	-9.823681931353395	11.040120890919614	-3.276163137122647
0.757	-9.768317492311215	10.942648009072627	-3.2919658153745965
0.758	-9.71344864440243	10.845498772334778	-3.3070564223099526
0.759	-9.65907534024298	10.748678425613484	-3.321440769065809
0.76	-9.60519747880248	10.652192124823348	-3.3351246826419625
0.761	-9.551815039050014	10.556044869362674	-3.3481138152443854
0.762	-9.498927765835212	10.460241662304373	-3.36041409271531
0.763	-9.446535205196975	10.364787492901346	-3.372031664241655
0.764	-9.39463697574401	10.26968719905187	-3.3829725151311463
0.765	-9.34323264549119	10.174945530414501	-3.393242642714834
0.766	-9.292321860321143	10.080567482902808	-3.402847476724557
0.767	-9.241903952252743	9.98655727647356	-3.4117936514645417
0.768	-9.19197826980957	9.892919216202905	-3.4200875134134785
0.769	-9.142544141109537	9.799657595468233	-3.427735289299524
0.77	-9.093600874544762	9.706776566090927	-3.434743222730969
0.771	-9.045148147602806	9.614279351554122	-3.441117719617139
0.772	-8.997184527647216	9.522171245329062	-3.446864792667516
0.773	-8.949709020298945	9.430456474581284	-3.4519906418953576
0.774	-8.902720587497903	9.339139177800266	-3.456501473309852
0.775	-8.856218120007316	9.248223714880227	-3.4604032341549895
0.776	-8.810200419197061	9.157714874067382	-3.463701436215873
0.777	-8.764666462185735	9.067614928043804	-3.4664036695175042
0.778	-8.719615073539705	8.977927289065988	-3.4685164813819456
0.779	-8.675045035179206	8.888655291346078	-3.470046416128709
0.78	-8.630954902214876	8.799803013777659	-3.4709994089892264
0.781	-8.587343077708143	8.71137494889057	-3.4713810299683576
0.782	-8.544208915229781	8.623371091844238	-3.4712001016043255
0.783	-8.50155119715275	8.535793723463012	-3.4704637021528617
0.784	-8.459368661195795	8.448645066059449	-3.4691788924660893
0.785	-8.417660607990621	8.361925401414917	-3.467353751376649
0.786	-8.376427051408212	8.275632606360848	-3.4649976311618027
0.787	-8.335663842472192	8.189777271763917	-3.4621128394562413
0.788	-8.295368926019824	8.104363306667553	-3.458705310275866
0.789	-8.255540219280867	8.019394517018164	-3.454780984551791
0.79	-8.21617547838565	7.93487514805105	-3.4503454574165477
0.791	-8.177271251877334	7.850814122407673	-3.4454012219261947
0.792	-8.138827225402878	7.767207455320758	-3.4399591056260768
0.793	-8.100841565354054	7.684057105160909	-3.4340260108919165
0.794	-8.063312403370212	7.601364966408267	-3.427608821735195
0.795	-8.02623783674738	7.5191328701023235	-3.420714403568819
0.796	-7.989616434423884	7.437361575311868	-3.413349890888223
0.797	-7.953445713000218	7.356053811860764	-3.405521818928638
0.798	-7.917723436536181	7.275211687591469	-3.3972368634056096
0.799	-7.882447443907505	7.1948370342188035	-3.3885017417309276
0.8	-7.847615545008378	7.114931615796407	-3.379323153434938
0.801	-7.81322566553584	7.035497075585319	-3.369707648357684
0.802	-7.779275548290946	6.9565350477328645	-3.3596618989725284
0.803	-7.7457626920053	6.8780471806892525	-3.3491927562652126
0.804	-7.712684734418926	6.800034995540549	-3.3383069007873134
0.805	-7.6800392879427735	6.722499947773515	-3.327010992551089
0.806	-7.647823940058446	6.6454434278274395	-3.3153116708088644
0.807	-7.616036491917214	6.5688668481887795	-3.3032151841521284
0.808	-7.58467420271474	6.492771369283574	-3.290728563647667
0.809	-7.553734533686463	6.417158170192655	-3.277858468571429
0.81	-7.52321493079701	6.342028370123648	-3.264611524089981
0.811	-7.49311281840109	6.267383026533842	-3.250994331519133
0.812	-7.463425686781654	6.19322316860183	-3.237013338984146
0.8130000000000001	-7.4341509816093945	6.119549755922827	-3.2226750056461713
0.8140000000000001	-7.405285850932483	6.046363583421235	-3.2079861770794844
0.8150000000000001	-7.376827591723388	5.973665450368175	-3.1929534238741155
0.8160000000000001	-7.348773482658639	5.901456097688976	-3.177583289875259
0.8170000000000001	-7.321120784513746	5.82973620855288	-3.1618822920119007
0.8180000000000001	-7.293866871606148	5.758506486393392	-3.145856706651545
0.8190000000000001	-7.267008920805756	5.687767471528177	-3.1295130766825583
0.8200000000000001	-7.240543995527034	5.617519591149565	-3.1128580751732926
0.8210000000000001	-7.2144692497829	5.547763280254124	-3.0958981734532576
0.8220000000000001	-7.1887818228630795	5.478498919786061	-3.0786398131716712
0.8230000000000001	-7.163478839724477	5.409726837241415	-3.0610894061539624
0.8240000000000001	-7.138557559229754	5.341447377433681	-3.0432531212051805
0.8250000000000001	-7.1140150040973715	5.273660727317256	-3.025137417793581
0.8260000000000001	-7.089848120548709	5.206366992172026	-3.006748816419532
0.8270000000000001	-7.066053941874503	5.139566273650409	-2.988093663339285
0.8280000000000001	-7.0426294902071325	5.073258623596792	-2.9691782725485707
0.8290000000000001	-7.019571776903392	5.007444044663471	-2.9500089256667885
0.8300000000000001	-6.99687791819904	4.942122543331081	-2.930591716735479
0.8310000000000001	-6.974544904350651	4.877294025407398	-2.9109328632217997
0.8320000000000001	-6.952569545684668	4.8129582719497925	-2.8910387790110494
0.833	-6.9309487780575	4.749115078577818	-2.870915663845758
0.834	-6.9096795296665166	4.685764195378454	-2.8505696829306673
0.835	-6.888758721422717	4.6229053275304235	-2.8300069668444965
0.836	-6.8681832923892205	4.560538159941588	-2.809233566143655
0.837	-6.847950303503707	4.498662456878835	-2.7882552644583725
0.838	-6.828056443011703	4.437277588479605	-2.7670784730867277
0.839	-6.8084985776021405	4.376383058976326	-2.7457092353295964
0.84	-6.789273569532099	4.315978331790287	-2.7241535576602325
0.841	-6.770378276989169	4.256062830156312	-2.7024174096667326
0.842	-6.751809554453747	4.196635937748756	-2.6805067239962295
0.843	-6.733564408190954	4.1376970051050455	-2.6584272750903364
0.844	-6.71563964044911	4.079245336947472	-2.6361849574213103
0.845	-6.698031928139795	4.02128019573941	-2.6137857242476668
0.846	-6.680738078726528	3.9638008118636607	-2.5912353879094674
0.847	-6.663754899080521	3.9068063793414436	-2.5685397225332163
0.848	-6.64707919582618	3.8502960564652455	-2.545704463998774
0.849	-6.6307077756862585	3.7942689664324236	-2.5227353099078744
0.85	-6.614637584080711	3.7387243467622513	-2.49963767490162
0.851	-6.598865331300186	3.6836611472662835	-2.4764173527612297
0.852	-6.583387744284675	3.629078301266305	-2.4530800714455046
0.853	-6.568201611077037	3.5749747736998976	-2.429631415009331
0.854	-6.553303722408092	3.5213494985250287	-2.406076927557945
0.855	-6.538690872027766	3.4682013793452544	-2.3824221132453083
0.856	-6.524359857035732	3.41552929003537	-2.3586724362740785
0.857	-6.510307599967537	3.3633321645590115	-2.3348331533640216
0.858	-6.496530862655559	3.3116087877437344	-2.310909707927609
0.859	-6.4830263370616175	3.2603578622051423	-2.2869076055435573
0.86	-6.469790814525877	3.209578132715314	-2.2628321815326293
0.861	-6.456821092297444	3.1592683181183236	-2.2386887300264764
0.862	-6.4441139738480695	3.1094271119469488	-2.2144825039944047
0.863	-6.431666269184923	3.0600531830385567	-2.1902187152712402
0.864	-6.419474816112023	3.011145180233097	-2.1659025189780987
0.865	-6.407536647777779	2.9627017655739354	-2.1415388889504414
0.866	-6.395848336173116	2.9147214869453633	-2.1171331071404467
0.867	-6.384406696034468	2.8672029157798153	-2.092690239424612
0.868	-6.373208551236472	2.820144602094195	-2.068215309921783
0.869	-6.362250735083457	2.7735450750998636	-2.04371330104083
0.87	-6.351530090600023	2.727402843812051	-2.0191891535296085
0.871	-6.341043470820582	2.6817163976582576	-1.9946477665249867
0.872	-6.330787773796312	2.636484243366888	-1.9700939441151162
0.873	-6.320759982931635	2.591704947425168	-1.9455323336900254
0.874	-6.31095681809138	2.547376771790162	-1.920967963959622
0.875	-6.301375159678113	2.5034981173584887	-1.8964055920912435
0.876	-6.2920119002525405	2.4600673692147623	-1.8718499328045732
0.877	-6.282863944804669	2.4170828972210554	-1.8473056584465768
0.878	-6.273928211023777	2.374543056604903	-1.8227773990673006
0.879	-6.265201629567228	2.332446188545859	-1.7982697424965455
0.88	-6.2566811443281285	2.2907906207607325	-1.7737872344215018
0.881	-6.248363874914702	2.24957476568213	-1.7493342099957603
0.882	-6.240246655213078	2.208796843258261	-1.7249152734283044
0.883	-6.232326415761549	2.1684551114289197	-1.7005349012155633
0.884	-6.224600141517077	2.1285478411362746	-1.6761974863573386
0.885	-6.2170648327298075	2.0890732932045046	-1.6519073793441925
0.886	-6.209717505189388	2.050029718906175	-1.6276688882537365
0.887	-6.202555190469996	2.01141536052681	-1.6034862788476265
0.888	-6.195574936174056	1.9732284519274297	-1.5793637746691231
0.889	-6.188773806174558	1.935467219104733	-1.5553055571410401
0.89	-6.182149035997748	1.898129987893943	-1.5313156009632558
0.891	-6.1756975888301024	1.8612148777273554	-1.5073981458170642
0.892	-6.1694165331977695	1.824720062857644	-1.4835572957662202
0.893	-6.163302988880471	1.7886437353926181	-1.4597970770270832
0.894	-6.157354093762828	1.752984082788268	-1.436121473509921
0.895	-6.151567004054979	1.7177392883860116	-1.4125344269336708
0.896	-6.145938894511752	1.6829075319473574	-1.3890398369409165
0.897	-6.14046695865042	1.6484869901860266	-1.3656415612131343
0.898	-6.1351484089669786	1.6144758372973733	-1.3423434155860918
0.899	-6.129980491592059	1.5808722549562835	-1.3191491602654146
0.9	-6.124960600524813	1.5476745076216396	-1.2960623901942676
0.901	-6.120085836916803	1.5148806538745079	-1.2730869595749923
0.902	-6.115353482113087	1.482488857042656	-1.25022652687159
0.903	-6.11076083804887	1.4504972809030352	-1.2274847087495016
0.904	-6.106305227444001	1.4189040901854724	-1.2048650802035508
0.905	-6.101983993996027	1.387707451073685	-1.182371174686044
0.906	-6.097794502571677	1.3569055317028291	-1.1600064842344753
0.907	-6.093734139396857	1.3264965026542002	-1.1377744595992931
0.908	-6.089800312245081	1.296478537446519	-1.1156785103713218
0.909	-6.08599045062434	1.2668498130239736	-1.0937220051089738
0.91	-6.082302057309579	1.2376085522502027	-1.0719082167635126
0.911	-6.078732652955142	1.2087529789244562	-1.0502403820074862
0.912	-6.075279624155021	1.1802811938021298	-1.0287218634211133
0.913	-6.0719404828706525	1.1521913871702434	-1.0073558734342078
0.914	-6.068712764143226	1.124481755485958	-0.986145583612461
0.915	-6.065594026259448	1.0971505018344276	-0.9650941247948831
0.916	-6.0625818509157225	1.070195836382878	-0.9442045872305725
0.917	-6.059673843380761	1.04361597683108	-0.9234800207149391
0.918	-6.056867632656616	1.017409148858196	-0.9029234347253807
0.919	-6.054160871638105	0.9915735865657486	-0.8825377985562227
0.92	-6.051551237270625	0.9661075329167931	-0.8623260414529933
0.921	-6.049036430706355	0.94100924017124	-0.8422910527459977
0.922	-6.0466142012517645	0.916276985734626	-0.8224356622512863
0.923	-6.0442823924176725	0.8919091023259292	-0.8027626023394187
0.924	-6.042038654246543	0.8679037918968553	-0.78327474676401
0.925	-6.039880781833688	0.8442593453091299	-0.7639748301748631
0.926	-6.037806595591139	0.8209740650672342	-0.7448655476693772
0.927	-6.035813941382852	0.7980462657222944	-0.7259495549303685
0.928	-6.033900690658325	0.775474274271811	-0.7072294683628639
0.929	-6.032064740584629	0.7532564305551954	-0.6887078652298406
0.93	-6.030304014176835	0.7313910876450799	-0.6703872837869002
0.931	-6.0286164604268375	0.7098766122342902	-0.6522702234157834
0.932	-6.027000054430569	0.6887113850186266	-0.6343591447568637
0.933	-6.025452797513573	0.6678938010750302	-0.6166564698402635
0.934	-6.023972717354976	0.6474222702356226	-0.5991645822160189
0.935	-6.022557868109794	0.6272952174570686	-0.5818858270828319
0.936	-6.021206330529609	0.6075110831854964	-0.5648225114156169
0.937	-6.0199162930667125	0.5880684024885868	-0.547976815344004
0.9380000000000001	-6.0186858301918456	0.5689655896739305	-0.5313510353371549
0.9390000000000001	-6.017513076317843	0.5502011076975813	-0.5149473938592785
0.9400000000000001	-6.016396217765091	0.5317734605848375	-0.49876804842162137
0.9410000000000001	-6.0153334682366415	0.5136811698080974	-0.4828151187020411
0.9420000000000001	-6.014323068920526	0.4959227746158409	-0.46709068667361053
0.9430000000000001	-6.013363288590499	0.47849683235687984	-0.45159679673160175
0.9440000000000001	-6.0124524237051915	0.46140191879993603	-0.4363354558189066
0.9450000000000001	-6.011588798505675	0.444636628448423	-0.42130863354979076
0.9460000000000001	-6.010770765111423	0.4281995748504315	-0.4065182623319852
0.9470000000000001	-6.00999670361469	0.41208939090401997	-0.39196623748721526
0.9480000000000001	-6.009265022173259	0.39630472915746406	-0.3776544173698594
0.9490000000000001	-6.0085741571015925	0.38084426210474337	-0.3635846234839955
0.9500000000000001	-6.007922572960369	0.3657066824760911	-0.3497586405986846
0.9510000000000001	-6.007308762644389	0.3508907035235399	-0.33617821686143545
0.9520000000000001	-6.006731247468858	0.3363950593014496	-0.3228450639098434
0.9530000000000001	-6.006188577254045	0.3222185049421895	-0.3097608569815684
0.9540000000000001	-6.005679330408295	0.3083598169265052	-0.2969272350222271
0.9550000000000001	-6.0052021140094105	0.2948177933490393	-0.2843458007916347
0.9560000000000001	-6.004755563884381	0.28159125417857805	-0.2720181209680113
0.9570000000000001	-6.00433834468747	0.2686790415131942	-0.25994572625031187
0.9580000000000001	-6.003949149976648	0.2560800198303052	-0.2481301114587078
0.9590000000000001	-6.0035867022883656	0.24379307623139035	-0.23657273563298398
0.96	-6.0032497532106595	0.2318171206815244	-0.22527502212900555
0.961	-6.002937083454613	0.220151086243753	-0.214238358713284
0.962	-6.002647502924123	0.20879392930801818	-0.20346409765537385
0.963	-6.002379850784014	0.19774462981493118	-0.19295355581838586
0.964	-6.002132995526458	0.18700219147401984	-0.18270801474726908
0.965	-6.00190583503573	0.17656564197686495	-0.17272872075526133
0.966	-6.00169729665127	0.16643403320461125	-0.16301688500802458
0.967	-6.001506337229056	0.15660644143021832	-0.153573683605817
0.968	-6.001331943201298	0.1470819675152248	-0.14440025766349285
0.969	-6.001173130634424	0.13785973710105548	-0.13549771338836153
0.97	-6.001028945285376	0.12893890079485648	-0.1268671221558978
0.971	-6.000898462656209	0.12031863434990535	-0.11850952058335336
0.972	-6.000780788046978	0.11199813884034009	-0.11042591060102726
0.973	-6.0006750566069265	0.10397664083048151	-0.10261725952146424
0.974	-6.000580433383961	0.09625339253858589	-0.0950845001064296
0.975	-6.000496113372419	0.08882767199500206	-0.0878285306316391
0.976	-6.000421321559118	0.08169878319468064	-0.08085021494919671
0.977	-6.000355312967691	0.07486605624416928	-0.07415038254787601
0.978	-6.0002973727011994	0.068328847502926	-0.06772982861108512
0.979	-6.000246815983031	0.06208653971897689	-0.061589314072544296
0.98	-6.000202988196065	0.05613854215891098	-0.05572956566967377
0.981	-6.00016526492012	0.05048429073232202	-0.05015127599480291
0.982	-6.000133051967666	0.045123248110325545	-0.04485510354383908
0.983	-6.000105785417817	0.04005490383860346	-0.03984167276284454
0.984	-6.000082931648579	0.03527877444462213	-0.035111574092176245
0.985	-6.000063987367378	0.030794403539095364	-0.030665364008261572
0.986	-6.000048479639839	0.0266013619118214	-0.026503565063140985
0.987	-6.000035965916841	0.022699247621676133	-0.02262666592156487
0.988	-6.000026034059824	0.01908768608085092	-0.019035121395734555
0.989	-6.000018302364366	0.015766330133351478	-0.015729352477706474
0.99	-6.000012419582007	0.012734860127748123	-0.01270974636945236
0.991	-6.000008064940343	0.009992983984077726	-0.009976656510478459
0.992	-6.000004948161369	0.0075404372549487935	-0.00753040260305682
0.993	-6.000002809478079	0.005376983180916231	-0.005371270635136924
0.994	-6.000001419649327	0.003502412739979455	-0.0034995129007934994
0.995	-6.000000579972935	0.0019165446913133148	-0.001915348018321151
0.996	-6.000000122297052	0.0006192256131120752	-0.0006189609458576032
0.997	-5.999999909029779	-0.0003896700652685223	0.0003894970052785154
0.998	-5.999999833147035	-0.0011102400371225795	0.0011099081597854988
0.999	-5.99999981819867	-0.0015425540979378998	0.0015421884698906358
1.	-5.999999818312849	-0.0016866541308745136	0.0016862875093778557
